f_score: 0.697664397138671
max_idx: 104
mae: 0.003963853798660578
